Solution: 
0.0,1.0,1.0,0.0,1.0,1.0,1.0,1.0,1.0,0.0,1.0,0.0,0.0,1.0,-0.0,0.0
1.0,0.0,0.0,0.0,-0.0,0.0,1.0,-0.0,1.0,0.0,0.0,0.0,0.0,0.0,0.0,0.0
1.0,1.0,0.0,1.0,1.0,-0.0,-0.0,1.0,-0.0,0.0,-0.0,-0.0,1.0,1.0,1.0,0.0
0.0,-0.0,0.0,0.0,0.0,1.0,1.0,1.0,1.0,0.0,-0.0,1.0,-0.0,1.0,1.0,1.0
0.0,0.0,0.0,1.0,-0.0,-0.0,1.0,0.0,0.0,0.0,0.0,0.0,1.0,1.0,0.0,1.0
1.0,0.0,0.0,0.0,-0.0,0.0,1.0,-0.0,1.0,-0.0,1.0,0.0,1.0,1.0,-0.0,0.0
0.0,0.0,1.0,0.0,1.0,0.0,1.0,-0.0,1.0,-0.0,1.0,0.0,1.0,0.0,0.0,1.0
0.0,0.0,1.0,1.0,0.0,0.0,-0.0,-0.0,0.0,-0.0,-0.0,0.0,-0.0,1.0,0.0,1.0
1.0,-0.0,0.0,1.0,1.0,0.0,-0.0,0.0,1.0,0.0,1.0,1.0,-0.0,0.0,0.0,0.0
1.0,1.0,1.0,-0.0,0.0,1.0,1.0,0.0,0.0,-0.0,-0.0,0.0,1.0,0.0,1.0,0.0
0.0,1.0,0.0,1.0,0.0,-0.0,1.0,1.0,1.0,0.0,1.0,0.0,0.0,0.0,-0.0,1.0
1.0,1.0,0.0,1.0,0.0,0.0,0.0,-0.0,-0.0,1.0,1.0,0.0,0.0,0.0,0.0,1.0
1.0,1.0,1.0,-0.0,1.0,1.0,0.0,0.0,0.0,1.0,1.0,1.0,0.0,1.0,-0.0,0.0
1.0,1.0,1.0,0.0,1.0,1.0,1.0,0.0,0.0,-0.0,0.0,-0.0,1.0,0.0,1.0,0.0
0.0,-0.0,0.0,-0.0,0.0,1.0,0.0,0.0,1.0,1.0,0.0,1.0,1.0,0.0,-0.0,1.0
0.0,0.0,-0.0,-0.0,0.0,0.0,1.0,0.0,1.0,1.0,0.0,0.0,0.0,0.0,1.0,1.0
solveTime = 344.25099992752075
isOptimal = true
