Solution: 
-0.0,0.0,-0.0,0.0,-0.0,0.0,0.0,-0.0,-0.0,0.0,-0.0,0.0,-0.0,-0.0,-0.0,-0.0
-0.0,1.0,-0.0,-0.0,0.0,0.0,1.0,0.0,-0.0,-0.0,1.0,-0.0,-0.0,-0.0,-0.0,-0.0
-0.0,-0.0,-0.0,-0.0,-0.0,-0.0,1.0,0.0,0.0,-0.0,0.0,-0.0,-0.0,-0.0,-0.0,-0.0
-0.0,0.0,-0.0,-0.0,-0.0,0.0,-0.0,0.0,-0.0,0.0,-0.0,0.0,-0.0,-0.0,-0.0,-0.0
-0.0,0.0,-0.0,-0.0,-0.0,-0.0,-0.0,-0.0,-0.0,-0.0,-0.0,-0.0,-0.0,-0.0,0.0,0.0
-0.0,0.0,0.0,-0.0,-0.0,-0.0,-0.0,-0.0,-0.0,1.0,-0.0,-0.0,-0.0,0.0,-0.0,1.0
0.0,0.0,-0.0,0.0,-0.0,0.0,-0.0,-0.0,-0.0,-0.0,-0.0,-0.0,-0.0,-0.0,-0.0,-0.0
1.0,-0.0,1.0,0.0,0.0,-0.0,1.0,-0.0,-0.0,-0.0,0.0,1.0,-0.0,-0.0,0.0,-0.0
1.0,-0.0,1.0,0.0,0.0,-0.0,1.0,-0.0,-0.0,-0.0,-0.0,1.0,0.0,-0.0,-0.0,-0.0
-0.0,0.0,1.0,0.0,-0.0,-0.0,0.0,0.0,-0.0,-0.0,-0.0,1.0,-0.0,-0.0,-0.0,-0.0
0.0,0.0,-0.0,0.0,-0.0,-0.0,0.0,1.0,-0.0,1.0,0.0,-0.0,-0.0,0.0,-0.0,0.0
0.0,1.0,0.0,-0.0,-0.0,-0.0,0.0,-0.0,-0.0,0.0,-0.0,-0.0,-0.0,-0.0,-0.0,1.0
0.0,0.0,0.0,-0.0,0.0,-0.0,1.0,0.0,-0.0,0.0,1.0,-0.0,-0.0,1.0,-0.0,-0.0
-0.0,0.0,1.0,0.0,-0.0,-0.0,-0.0,0.0,-0.0,-0.0,0.0,-0.0,-0.0,-0.0,0.0,-0.0
0.0,1.0,-0.0,1.0,0.0,0.0,-0.0,0.0,-0.0,-0.0,-0.0,-0.0,-0.0,-0.0,-0.0,-0.0
0.0,-0.0,0.0,0.0,0.0,-0.0,-0.0,-0.0,0.0,-0.0,-0.0,0.0,-0.0,-0.0,-0.0,-0.0
solveTime = 0.057000160217285156
isOptimal = true
