Solution: 
1.0,0.0,-0.0,1.0,1.0,1.0,0.0,0.0,0.0,1.0,1.0,0.0,0.0,0.0,1.0,1.0
0.0,0.0,0.0,1.0,0.0,1.0,1.0,1.0,-0.0,1.0,1.0,0.0,-0.0,0.0,1.0,0.0
-0.0,0.0,1.0,1.0,0.0,1.0,-0.0,-0.0,-0.0,-0.0,1.0,-0.0,1.0,-0.0,0.0,0.0
1.0,0.0,0.0,1.0,1.0,1.0,0.0,1.0,1.0,0.0,1.0,1.0,-0.0,-0.0,-0.0,1.0
0.0,0.0,1.0,0.0,0.0,1.0,0.0,0.0,-0.0,1.0,1.0,1.0,1.0,1.0,1.0,0.0
-0.0,-0.0,1.0,-0.0,1.0,0.0,-0.0,1.0,0.0,1.0,1.0,0.0,-0.0,1.0,-0.0,0.0
0.0,1.0,-0.0,-0.0,1.0,1.0,0.0,1.0,1.0,-0.0,-0.0,-0.0,1.0,1.0,0.0,1.0
0.0,0.0,1.0,0.0,1.0,-0.0,-0.0,0.0,0.0,-0.0,1.0,1.0,-0.0,0.0,0.0,0.0
0.0,-0.0,-0.0,1.0,-0.0,1.0,1.0,-0.0,-0.0,1.0,1.0,-0.0,1.0,1.0,1.0,1.0
0.0,1.0,1.0,1.0,1.0,-0.0,1.0,-0.0,0.0,1.0,0.0,1.0,-0.0,1.0,1.0,1.0
-0.0,1.0,0.0,1.0,1.0,0.0,1.0,1.0,1.0,1.0,0.0,-0.0,1.0,0.0,1.0,0.0
0.0,0.0,0.0,1.0,1.0,0.0,1.0,0.0,1.0,-0.0,0.0,0.0,0.0,1.0,0.0,-0.0
0.0,-0.0,0.0,0.0,1.0,0.0,-0.0,1.0,0.0,1.0,1.0,1.0,1.0,-0.0,0.0,1.0
1.0,-0.0,0.0,1.0,0.0,-0.0,0.0,1.0,0.0,0.0,1.0,1.0,0.0,1.0,1.0,0.0
-0.0,0.0,1.0,0.0,0.0,0.0,0.0,0.0,0.0,0.0,0.0,0.0,-0.0,1.0,0.0,0.0
0.0,1.0,1.0,1.0,1.0,0.0,0.0,0.0,1.0,1.0,0.0,1.0,-0.0,0.0,0.0,1.0
solveTime = 624.694000005722
isOptimal = true
