Solution: 
0.0,1.0,1.0,1.0,0.0,-0.0,0.0,0.0,0.0,0.0,0.0,0.0,0.0,0.0,0.0,1.0
0.0,-0.0,0.0,0.0,0.0,0.0,1.0,1.0,0.0,-0.0,0.0,1.0,0.0,-0.0,1.0,0.0
1.0,-0.0,1.0,0.0,0.0,0.0,0.0,1.0,1.0,-0.0,-0.0,1.0,0.0,1.0,-0.0,1.0
1.0,1.0,1.0,-0.0,0.0,0.0,0.0,0.0,0.0,0.0,1.0,1.0,0.0,1.0,-0.0,0.0
0.0,1.0,1.0,1.0,0.0,1.0,1.0,0.0,1.0,-0.0,0.0,1.0,1.0,1.0,0.0,1.0
1.0,1.0,-0.0,-0.0,1.0,0.0,1.0,1.0,1.0,1.0,1.0,1.0,-0.0,0.0,1.0,0.0
0.0,0.0,0.0,1.0,0.0,-0.0,0.0,-0.0,0.0,0.0,0.0,0.0,1.0,1.0,0.0,0.0
0.0,0.0,0.0,0.0,0.0,0.0,1.0,1.0,1.0,1.0,1.0,1.0,-0.0,1.0,0.0,0.0
1.0,0.0,0.0,1.0,0.0,1.0,1.0,1.0,1.0,1.0,0.0,1.0,0.0,-0.0,0.0,-0.0
1.0,0.0,1.0,0.0,-0.0,-0.0,1.0,1.0,0.0,1.0,0.0,0.0,0.0,0.0,1.0,1.0
0.0,0.0,1.0,-0.0,1.0,1.0,0.0,1.0,0.0,-0.0,0.0,0.0,1.0,1.0,0.0,1.0
0.0,0.0,1.0,1.0,1.0,0.0,0.0,-0.0,0.0,-0.0,0.0,0.0,1.0,0.0,0.0,1.0
1.0,0.0,0.0,-0.0,0.0,-0.0,0.0,1.0,1.0,1.0,0.0,-0.0,0.0,0.0,0.0,1.0
0.0,0.0,1.0,0.0,0.0,0.0,0.0,-0.0,1.0,1.0,0.0,0.0,0.0,1.0,0.0,-0.0
0.0,-0.0,0.0,0.0,1.0,0.0,1.0,0.0,1.0,0.0,1.0,0.0,0.0,0.0,1.0,1.0
0.0,1.0,1.0,1.0,1.0,1.0,0.0,0.0,1.0,0.0,-0.0,1.0,0.0,1.0,1.0,0.0
solveTime = 1458.3440001010895
isOptimal = true
