Solution: 
1.0,0.0,0.0,0.0,-0.0,0.0,0.0,-0.0,0.0,0.0,1.0,1.0,-0.0,-0.0,0.0,0.0,-0.0,0.0,0.0,1.0,0.0,0.0,0.0,1.0,0.0,0.0,0.0,0.0,1.0,0.0,1.0,0.0
0.0,0.0,1.0,1.0,-0.0,0.0,0.0,0.0,1.0,0.0,1.0,1.0,0.0,0.0,0.0,0.0,0.0,-0.0,0.0,0.0,0.0,0.0,0.0,0.0,0.0,0.0,1.0,0.0,0.0,-0.0,-0.0,-0.0
0.0,1.0,1.0,-0.0,0.0,-0.0,0.0,0.0,1.0,1.0,1.0,0.0,1.0,0.0,0.0,1.0,0.0,-0.0,-0.0,-0.0,-0.0,0.0,0.0,0.0,0.0,0.0,0.0,0.0,-0.0,0.0,0.0,0.0
1.0,1.0,0.0,0.0,1.0,1.0,-0.0,0.0,0.0,0.0,0.0,-0.0,0.0,0.0,0.0,-0.0,-0.0,0.0,-0.0,-0.0,0.0,0.0,-0.0,0.0,0.0,1.0,0.0,0.0,0.0,0.0,0.0,-0.0
-0.0,0.0,0.0,1.0,0.0,0.0,0.0,1.0,0.0,0.0,0.0,-0.0,-0.0,-0.0,0.0,1.0,-0.0,0.0,0.0,0.0,-0.0,1.0,0.0,1.0,0.0,1.0,0.0,1.0,1.0,0.0,0.0,0.0
-0.0,0.0,0.0,1.0,0.0,-0.0,1.0,-0.0,-0.0,-0.0,0.0,0.0,-0.0,1.0,0.0,0.0,0.0,-0.0,1.0,-0.0,-0.0,0.0,0.0,1.0,1.0,0.0,0.0,0.0,-0.0,0.0,0.0,0.0
0.0,1.0,0.0,0.0,1.0,-0.0,-0.0,-0.0,0.0,0.0,0.0,1.0,0.0,0.0,0.0,-0.0,0.0,0.0,0.0,0.0,-0.0,0.0,0.0,0.0,0.0,1.0,0.0,0.0,0.0,0.0,1.0,0.0
0.0,0.0,0.0,1.0,0.0,0.0,1.0,-0.0,1.0,0.0,-0.0,-0.0,0.0,0.0,-0.0,-0.0,0.0,-0.0,0.0,-0.0,-0.0,0.0,0.0,0.0,0.0,0.0,0.0,0.0,0.0,0.0,-0.0,0.0
1.0,0.0,1.0,-0.0,0.0,0.0,0.0,1.0,0.0,-0.0,-0.0,1.0,-0.0,-0.0,0.0,0.0,-0.0,0.0,0.0,-0.0,-0.0,-0.0,0.0,1.0,0.0,1.0,0.0,0.0,0.0,0.0,-0.0,1.0
1.0,0.0,0.0,-0.0,-0.0,-0.0,0.0,-0.0,0.0,0.0,-0.0,0.0,1.0,-0.0,0.0,0.0,0.0,1.0,-0.0,-0.0,-0.0,0.0,0.0,0.0,0.0,1.0,0.0,-0.0,0.0,1.0,0.0,1.0
0.0,-0.0,0.0,0.0,0.0,-0.0,-0.0,-0.0,0.0,1.0,0.0,0.0,0.0,0.0,-0.0,0.0,1.0,0.0,0.0,0.0,-0.0,0.0,1.0,0.0,0.0,0.0,1.0,-0.0,0.0,-0.0,-0.0,0.0
0.0,-0.0,0.0,1.0,0.0,0.0,1.0,-0.0,1.0,1.0,-0.0,1.0,-0.0,-0.0,0.0,0.0,-0.0,-0.0,0.0,0.0,0.0,0.0,1.0,0.0,1.0,0.0,0.0,0.0,0.0,0.0,0.0,0.0
0.0,0.0,0.0,0.0,0.0,0.0,1.0,0.0,0.0,1.0,1.0,0.0,0.0,1.0,-0.0,0.0,0.0,-0.0,1.0,0.0,-0.0,0.0,1.0,0.0,0.0,0.0,0.0,1.0,1.0,1.0,0.0,0.0
0.0,-0.0,1.0,-0.0,0.0,0.0,0.0,0.0,1.0,1.0,0.0,-0.0,1.0,-0.0,-0.0,0.0,1.0,0.0,1.0,0.0,0.0,0.0,0.0,-0.0,-0.0,1.0,0.0,0.0,1.0,0.0,0.0,1.0
0.0,-0.0,1.0,1.0,0.0,-0.0,-0.0,0.0,0.0,0.0,-0.0,-0.0,0.0,1.0,-0.0,0.0,1.0,1.0,-0.0,0.0,0.0,0.0,1.0,0.0,0.0,0.0,1.0,0.0,0.0,0.0,0.0,0.0
0.0,-0.0,1.0,-0.0,-0.0,0.0,0.0,1.0,1.0,1.0,1.0,-0.0,0.0,-0.0,1.0,0.0,-0.0,-0.0,0.0,0.0,0.0,0.0,0.0,0.0,0.0,0.0,0.0,0.0,0.0,0.0,0.0,-0.0
0.0,-0.0,0.0,-0.0,0.0,-0.0,0.0,-0.0,0.0,0.0,-0.0,-0.0,-0.0,0.0,-0.0,0.0,0.0,1.0,-0.0,0.0,0.0,0.0,1.0,0.0,1.0,-0.0,0.0,0.0,1.0,-0.0,0.0,1.0
0.0,1.0,1.0,0.0,0.0,0.0,0.0,0.0,0.0,1.0,1.0,-0.0,0.0,-0.0,-0.0,0.0,-0.0,0.0,0.0,0.0,1.0,-0.0,1.0,1.0,-0.0,1.0,1.0,0.0,0.0,0.0,1.0,0.0
1.0,1.0,-0.0,-0.0,0.0,0.0,1.0,0.0,1.0,0.0,0.0,1.0,-0.0,-0.0,1.0,1.0,-0.0,0.0,0.0,0.0,1.0,0.0,0.0,0.0,-0.0,1.0,0.0,0.0,0.0,0.0,0.0,0.0
0.0,0.0,0.0,-0.0,0.0,0.0,0.0,0.0,1.0,-0.0,1.0,0.0,0.0,0.0,1.0,0.0,-0.0,-0.0,1.0,0.0,0.0,1.0,0.0,-0.0,0.0,0.0,0.0,0.0,1.0,1.0,0.0,0.0
0.0,0.0,0.0,-0.0,1.0,0.0,0.0,0.0,0.0,0.0,-0.0,0.0,0.0,1.0,0.0,-0.0,0.0,1.0,-0.0,0.0,-0.0,0.0,1.0,1.0,-0.0,1.0,0.0,1.0,0.0,0.0,0.0,1.0
0.0,1.0,0.0,0.0,-0.0,-0.0,-0.0,-0.0,1.0,-0.0,0.0,1.0,-0.0,0.0,0.0,0.0,0.0,0.0,0.0,1.0,0.0,0.0,0.0,0.0,0.0,0.0,0.0,0.0,0.0,0.0,1.0,0.0
0.0,0.0,1.0,0.0,0.0,1.0,0.0,0.0,1.0,-0.0,0.0,0.0,-0.0,-0.0,1.0,0.0,-0.0,0.0,0.0,0.0,-0.0,0.0,0.0,-0.0,0.0,-0.0,-0.0,-0.0,0.0,0.0,1.0,0.0
1.0,0.0,0.0,1.0,-0.0,-0.0,0.0,-0.0,1.0,0.0,0.0,0.0,1.0,-0.0,1.0,1.0,0.0,0.0,-0.0,0.0,0.0,-0.0,0.0,0.0,1.0,1.0,0.0,0.0,-0.0,-0.0,1.0,0.0
-0.0,0.0,-0.0,0.0,0.0,0.0,0.0,1.0,-0.0,1.0,0.0,0.0,-0.0,0.0,0.0,-0.0,0.0,-0.0,1.0,0.0,1.0,0.0,-0.0,0.0,0.0,-0.0,0.0,0.0,0.0,0.0,-0.0,-0.0
0.0,0.0,0.0,0.0,-0.0,0.0,0.0,0.0,1.0,1.0,-0.0,0.0,1.0,0.0,-0.0,-0.0,1.0,-0.0,0.0,-0.0,-0.0,1.0,-0.0,0.0,1.0,1.0,-0.0,1.0,0.0,1.0,0.0,0.0
0.0,0.0,0.0,-0.0,-0.0,0.0,0.0,0.0,0.0,-0.0,0.0,1.0,1.0,0.0,-0.0,-0.0,-0.0,-0.0,-0.0,-0.0,-0.0,-0.0,-0.0,0.0,0.0,0.0,1.0,0.0,1.0,0.0,-0.0,0.0
0.0,-0.0,0.0,0.0,1.0,0.0,0.0,0.0,0.0,0.0,0.0,0.0,0.0,0.0,0.0,-0.0,-0.0,1.0,0.0,0.0,0.0,1.0,0.0,1.0,1.0,0.0,-0.0,0.0,-0.0,0.0,-0.0,0.0
0.0,1.0,0.0,-0.0,-0.0,0.0,0.0,-0.0,0.0,0.0,0.0,-0.0,0.0,-0.0,0.0,0.0,0.0,0.0,0.0,-0.0,0.0,0.0,0.0,0.0,0.0,0.0,0.0,1.0,0.0,-0.0,0.0,0.0
0.0,0.0,0.0,0.0,0.0,0.0,0.0,-0.0,0.0,0.0,0.0,0.0,1.0,0.0,0.0,0.0,-0.0,0.0,0.0,-0.0,1.0,1.0,0.0,-0.0,-0.0,0.0,0.0,0.0,0.0,1.0,1.0,1.0
0.0,1.0,0.0,1.0,0.0,0.0,0.0,1.0,0.0,0.0,0.0,0.0,1.0,1.0,1.0,0.0,-0.0,1.0,0.0,1.0,0.0,1.0,1.0,0.0,-0.0,-0.0,0.0,0.0,-0.0,0.0,0.0,-0.0
1.0,0.0,0.0,1.0,-0.0,0.0,0.0,1.0,1.0,-0.0,0.0,0.0,1.0,1.0,0.0,0.0,0.0,0.0,0.0,1.0,0.0,-0.0,-0.0,1.0,0.0,-0.0,-0.0,-0.0,0.0,0.0,0.0,0.0
solveTime = 6684.62900018692
isOptimal = true
