Solution: 
0.0,-0.0,-0.0,-0.0,0.0,0.0,1.0,-0.0,0.0,-0.0,0.0,-0.0,-0.0,1.0,0.0,-0.0
0.0,-0.0,-0.0,-0.0,-0.0,-0.0,0.0,0.0,0.0,1.0,-0.0,0.0,0.0,-0.0,0.0,0.0
1.0,-0.0,-0.0,-0.0,-0.0,-0.0,1.0,-0.0,1.0,0.0,1.0,-0.0,0.0,0.0,-0.0,0.0
0.0,-0.0,-0.0,-0.0,0.0,1.0,0.0,0.0,-0.0,0.0,1.0,-0.0,1.0,0.0,0.0,1.0
0.0,-0.0,0.0,-0.0,0.0,0.0,-0.0,0.0,0.0,1.0,1.0,-0.0,0.0,0.0,0.0,-0.0
-0.0,0.0,-0.0,1.0,0.0,-0.0,0.0,0.0,1.0,-0.0,-0.0,1.0,0.0,1.0,0.0,0.0
1.0,0.0,-0.0,1.0,-0.0,0.0,0.0,0.0,1.0,0.0,-0.0,0.0,0.0,-0.0,-0.0,1.0
0.0,0.0,0.0,0.0,-0.0,-0.0,0.0,0.0,0.0,1.0,1.0,-0.0,0.0,0.0,-0.0,0.0
-0.0,1.0,0.0,0.0,0.0,1.0,1.0,1.0,-0.0,0.0,-0.0,-0.0,-0.0,-0.0,-0.0,0.0
1.0,1.0,0.0,1.0,-0.0,1.0,-0.0,1.0,0.0,1.0,-0.0,0.0,-0.0,1.0,0.0,1.0
-0.0,-0.0,-0.0,0.0,-0.0,1.0,-0.0,0.0,-0.0,0.0,-0.0,0.0,-0.0,-0.0,0.0,0.0
1.0,0.0,0.0,0.0,-0.0,1.0,0.0,0.0,1.0,-0.0,-0.0,1.0,0.0,-0.0,-0.0,-0.0
1.0,1.0,0.0,0.0,1.0,-0.0,0.0,-0.0,0.0,1.0,0.0,0.0,1.0,-0.0,0.0,0.0
-0.0,-0.0,0.0,-0.0,0.0,-0.0,0.0,0.0,-0.0,0.0,0.0,1.0,0.0,0.0,1.0,-0.0
1.0,0.0,-0.0,0.0,1.0,0.0,1.0,-0.0,1.0,0.0,-0.0,1.0,-0.0,1.0,0.0,0.0
0.0,0.0,0.0,0.0,0.0,-0.0,-0.0,0.0,0.0,0.0,-0.0,1.0,0.0,-0.0,0.0,0.0
solveTime = 2.556999921798706
isOptimal = true
