Solution: 
1.0,1.0,1.0,1.0,0.0,0.0,1.0,1.0,-0.0,0.0,0.0,1.0,0.0,0.0,0.0,1.0
0.0,1.0,0.0,0.0,0.0,0.0,0.0,1.0,-0.0,1.0,1.0,0.0,0.0,0.0,0.0,1.0
0.0,0.0,1.0,0.0,1.0,1.0,0.0,-0.0,0.0,1.0,-0.0,1.0,1.0,1.0,0.0,1.0
0.0,0.0,1.0,0.0,0.0,1.0,-0.0,1.0,0.0,1.0,1.0,0.0,1.0,0.0,0.0,1.0
1.0,0.0,-0.0,0.0,0.0,0.0,1.0,0.0,0.0,1.0,1.0,1.0,1.0,-0.0,0.0,1.0
-0.0,0.0,1.0,0.0,1.0,1.0,1.0,1.0,0.0,1.0,0.0,1.0,1.0,-0.0,0.0,0.0
-0.0,0.0,0.0,0.0,0.0,-0.0,1.0,1.0,0.0,0.0,0.0,0.0,-0.0,0.0,1.0,1.0
0.0,0.0,1.0,0.0,0.0,0.0,1.0,0.0,1.0,0.0,0.0,0.0,0.0,0.0,0.0,0.0
0.0,-0.0,0.0,1.0,0.0,0.0,0.0,0.0,1.0,0.0,-0.0,1.0,1.0,0.0,0.0,1.0
-0.0,0.0,0.0,0.0,0.0,0.0,0.0,1.0,1.0,1.0,0.0,0.0,1.0,0.0,1.0,0.0
0.0,0.0,1.0,0.0,1.0,0.0,1.0,0.0,-0.0,0.0,1.0,1.0,1.0,0.0,0.0,0.0
0.0,1.0,0.0,0.0,0.0,0.0,0.0,1.0,1.0,1.0,1.0,0.0,1.0,0.0,0.0,1.0
-0.0,0.0,1.0,1.0,-0.0,0.0,0.0,1.0,0.0,1.0,0.0,0.0,0.0,0.0,1.0,-0.0
1.0,-0.0,1.0,0.0,1.0,0.0,1.0,0.0,1.0,1.0,1.0,0.0,1.0,0.0,0.0,0.0
1.0,1.0,0.0,1.0,0.0,1.0,1.0,0.0,0.0,0.0,0.0,1.0,1.0,0.0,0.0,-0.0
-0.0,1.0,-0.0,-0.0,0.0,1.0,0.0,0.0,1.0,0.0,0.0,0.0,0.0,1.0,0.0,1.0
solveTime = 609.3949999809265
isOptimal = true
