Solution: 
0.0,1.0,-0.0,-0.0,-0.0,-0.0,-0.0,-0.0,0.0,-0.0
-0.0,0.0,-0.0,0.0,0.0,-0.0,-0.0,-0.0,0.0,1.0
-0.0,-0.0,-0.0,1.0,0.0,-0.0,-0.0,-0.0,-0.0,-0.0
0.0,0.0,0.0,-0.0,-0.0,-0.0,-0.0,0.0,1.0,-0.0
0.0,1.0,-0.0,-0.0,-0.0,-0.0,-0.0,-0.0,1.0,-0.0
1.0,0.0,0.0,-0.0,0.0,-0.0,-0.0,0.0,-0.0,0.0
0.0,-0.0,1.0,1.0,0.0,0.0,-0.0,0.0,-0.0,-0.0
1.0,0.0,1.0,-0.0,0.0,-0.0,1.0,0.0,-0.0,-0.0
0.0,0.0,0.0,0.0,0.0,1.0,-0.0,-0.0,-0.0,-0.0
1.0,1.0,1.0,0.0,0.0,0.0,-0.0,-0.0,-0.0,0.0
solveTime = 0.06200003623962402
isOptimal = true
