Solution: 
1.0,0.0,0.0,-0.0,1.0,-0.0,1.0,0.0,-0.0,0.0,0.0,0.0,0.0,0.0,0.0,1.0
0.0,0.0,0.0,0.0,1.0,1.0,0.0,0.0,0.0,-0.0,0.0,0.0,0.0,0.0,1.0,0.0
-0.0,1.0,0.0,1.0,0.0,0.0,-0.0,0.0,0.0,1.0,0.0,-0.0,0.0,0.0,0.0,1.0
1.0,0.0,1.0,0.0,0.0,0.0,1.0,0.0,1.0,1.0,1.0,0.0,0.0,1.0,0.0,0.0
1.0,0.0,1.0,1.0,-0.0,0.0,1.0,-0.0,0.0,0.0,1.0,0.0,0.0,0.0,0.0,1.0
0.0,0.0,0.0,0.0,1.0,1.0,1.0,0.0,0.0,0.0,0.0,1.0,1.0,0.0,1.0,0.0
0.0,0.0,0.0,1.0,0.0,-0.0,0.0,1.0,1.0,0.0,-0.0,1.0,0.0,-0.0,0.0,1.0
-0.0,0.0,0.0,0.0,1.0,0.0,1.0,1.0,0.0,0.0,0.0,0.0,0.0,0.0,0.0,0.0
1.0,0.0,0.0,0.0,1.0,-0.0,-0.0,0.0,0.0,-0.0,0.0,0.0,0.0,1.0,0.0,0.0
0.0,0.0,1.0,0.0,0.0,0.0,0.0,1.0,0.0,-0.0,0.0,1.0,0.0,0.0,1.0,0.0
1.0,0.0,0.0,-0.0,0.0,1.0,0.0,-0.0,0.0,0.0,0.0,-0.0,1.0,0.0,0.0,-0.0
0.0,1.0,1.0,-0.0,0.0,-0.0,0.0,1.0,0.0,1.0,0.0,-0.0,0.0,-0.0,-0.0,-0.0
0.0,1.0,0.0,1.0,-0.0,0.0,1.0,0.0,-0.0,1.0,1.0,1.0,1.0,0.0,-0.0,1.0
0.0,0.0,-0.0,0.0,1.0,0.0,0.0,1.0,1.0,-0.0,0.0,1.0,0.0,0.0,0.0,0.0
-0.0,1.0,0.0,0.0,-0.0,1.0,-0.0,0.0,0.0,1.0,1.0,1.0,0.0,1.0,-0.0,1.0
0.0,0.0,0.0,1.0,1.0,0.0,0.0,1.0,0.0,1.0,0.0,-0.0,0.0,1.0,0.0,0.0
solveTime = 22.30900001525879
isOptimal = true
