Solution: 
0.0,-0.0,1.0,-0.0,-0.0,-0.0,0.0,-0.0,-0.0,-0.0
-0.0,0.0,0.0,0.0,-0.0,0.0,-0.0,0.0,0.0,0.0
1.0,1.0,1.0,-0.0,1.0,-0.0,1.0,0.0,-0.0,1.0
-0.0,0.0,0.0,0.0,1.0,-0.0,1.0,0.0,0.0,-0.0
-0.0,-0.0,-0.0,0.0,-0.0,0.0,-0.0,1.0,0.0,-0.0
-0.0,-0.0,-0.0,-0.0,-0.0,-0.0,-0.0,0.0,0.0,-0.0
1.0,-0.0,-0.0,-0.0,0.0,-0.0,-0.0,-0.0,1.0,1.0
0.0,-0.0,-0.0,-0.0,-0.0,-0.0,-0.0,-0.0,0.0,0.0
-0.0,-0.0,-0.0,-0.0,-0.0,1.0,-0.0,-0.0,-0.0,-0.0
-0.0,-0.0,-0.0,0.0,1.0,0.0,1.0,0.0,-0.0,-0.0
solveTime = 0.043000221252441406
isOptimal = true
