Solution: 
0.0,1.0,1.0,0.0,-0.0,0.0,1.0,1.0,1.0,0.0,0.0,1.0,0.0,0.0,1.0,-0.0
0.0,0.0,0.0,0.0,-0.0,0.0,1.0,1.0,1.0,1.0,1.0,1.0,-0.0,-0.0,1.0,0.0
1.0,0.0,1.0,0.0,0.0,0.0,-0.0,0.0,1.0,0.0,0.0,1.0,1.0,1.0,0.0,1.0
1.0,1.0,0.0,0.0,0.0,0.0,1.0,0.0,0.0,-0.0,-0.0,1.0,1.0,0.0,1.0,0.0
1.0,1.0,0.0,-0.0,1.0,-0.0,-0.0,0.0,1.0,-0.0,-0.0,1.0,0.0,0.0,-0.0,1.0
0.0,-0.0,1.0,1.0,-0.0,1.0,1.0,1.0,0.0,1.0,1.0,0.0,1.0,0.0,1.0,1.0
1.0,0.0,1.0,-0.0,0.0,0.0,-0.0,-0.0,0.0,1.0,1.0,0.0,1.0,1.0,0.0,1.0
1.0,1.0,0.0,1.0,0.0,0.0,1.0,1.0,0.0,0.0,0.0,0.0,1.0,0.0,0.0,1.0
-0.0,1.0,0.0,1.0,0.0,0.0,1.0,1.0,1.0,1.0,1.0,0.0,0.0,1.0,-0.0,1.0
0.0,0.0,0.0,-0.0,-0.0,0.0,0.0,1.0,0.0,0.0,0.0,0.0,0.0,0.0,0.0,0.0
0.0,1.0,0.0,0.0,0.0,0.0,1.0,1.0,1.0,1.0,1.0,0.0,0.0,1.0,1.0,0.0
1.0,0.0,1.0,0.0,1.0,1.0,1.0,1.0,0.0,0.0,-0.0,1.0,0.0,0.0,1.0,0.0
0.0,1.0,1.0,1.0,0.0,0.0,1.0,-0.0,0.0,1.0,1.0,0.0,0.0,1.0,0.0,0.0
1.0,1.0,0.0,1.0,-0.0,0.0,-0.0,0.0,0.0,1.0,1.0,1.0,0.0,0.0,0.0,0.0
0.0,1.0,0.0,1.0,0.0,0.0,1.0,0.0,0.0,0.0,1.0,1.0,0.0,0.0,1.0,0.0
0.0,0.0,1.0,0.0,0.0,0.0,-0.0,1.0,0.0,0.0,0.0,0.0,1.0,0.0,0.0,1.0
solveTime = 187.93099999427795
isOptimal = true
