Solution: 
1.0,-0.0,0.0,0.0,0.0,0.0,0.0,0.0,0.0,0.0,-0.0,-0.0,0.0,1.0,1.0,-0.0
0.0,0.0,0.0,0.0,0.0,0.0,1.0,1.0,0.0,0.0,0.0,0.0,1.0,1.0,0.0,1.0
1.0,0.0,0.0,0.0,0.0,1.0,1.0,0.0,0.0,0.0,0.0,1.0,0.0,1.0,1.0,1.0
1.0,0.0,0.0,1.0,1.0,1.0,-0.0,-0.0,0.0,1.0,0.0,1.0,-0.0,1.0,1.0,1.0
0.0,0.0,1.0,1.0,0.0,0.0,1.0,-0.0,0.0,1.0,1.0,0.0,0.0,-0.0,1.0,0.0
-0.0,1.0,-0.0,1.0,1.0,0.0,1.0,0.0,-0.0,1.0,0.0,0.0,1.0,0.0,0.0,0.0
1.0,0.0,-0.0,1.0,1.0,0.0,0.0,1.0,1.0,0.0,0.0,1.0,0.0,0.0,0.0,0.0
0.0,0.0,0.0,-0.0,0.0,1.0,0.0,1.0,1.0,1.0,0.0,0.0,0.0,0.0,1.0,0.0
-0.0,0.0,0.0,0.0,0.0,0.0,-0.0,0.0,0.0,1.0,0.0,1.0,0.0,1.0,1.0,0.0
0.0,1.0,1.0,0.0,1.0,0.0,0.0,1.0,0.0,0.0,0.0,1.0,0.0,0.0,-0.0,-0.0
0.0,1.0,0.0,0.0,0.0,-0.0,1.0,0.0,-0.0,1.0,0.0,0.0,1.0,0.0,-0.0,1.0
0.0,-0.0,0.0,0.0,1.0,1.0,0.0,-0.0,1.0,1.0,0.0,1.0,0.0,0.0,0.0,0.0
0.0,1.0,1.0,1.0,1.0,1.0,-0.0,1.0,1.0,0.0,1.0,0.0,0.0,-0.0,0.0,1.0
0.0,0.0,1.0,1.0,1.0,0.0,1.0,1.0,0.0,0.0,1.0,0.0,0.0,1.0,1.0,0.0
0.0,1.0,0.0,0.0,-0.0,0.0,1.0,0.0,0.0,0.0,-0.0,0.0,1.0,-0.0,0.0,0.0
0.0,0.0,0.0,0.0,0.0,0.0,-0.0,-0.0,0.0,0.0,0.0,0.0,0.0,0.0,1.0,1.0
solveTime = 195.00999999046326
isOptimal = true
