Solution: 
1.0,1.0,0.0,1.0,0.0,0.0,1.0,-0.0,1.0,0.0,1.0,1.0,0.0,0.0,0.0,1.0
1.0,0.0,0.0,1.0,1.0,1.0,-0.0,0.0,1.0,1.0,1.0,1.0,0.0,0.0,1.0,0.0
-0.0,0.0,0.0,1.0,0.0,-0.0,0.0,0.0,1.0,0.0,-0.0,-0.0,0.0,0.0,0.0,0.0
0.0,-0.0,0.0,-0.0,-0.0,1.0,0.0,-0.0,1.0,1.0,0.0,0.0,-0.0,0.0,0.0,0.0
0.0,0.0,1.0,-0.0,0.0,1.0,0.0,1.0,0.0,-0.0,1.0,0.0,1.0,-0.0,-0.0,1.0
-0.0,-0.0,1.0,0.0,0.0,1.0,1.0,-0.0,0.0,0.0,1.0,1.0,1.0,1.0,-0.0,0.0
1.0,0.0,1.0,1.0,1.0,1.0,-0.0,1.0,1.0,0.0,1.0,-0.0,0.0,1.0,0.0,1.0
-0.0,1.0,0.0,-0.0,-0.0,0.0,1.0,0.0,-0.0,0.0,1.0,0.0,-0.0,1.0,1.0,0.0
0.0,0.0,0.0,-0.0,0.0,-0.0,1.0,-0.0,0.0,0.0,0.0,1.0,0.0,0.0,0.0,1.0
-0.0,1.0,1.0,1.0,0.0,0.0,0.0,1.0,-0.0,0.0,1.0,1.0,1.0,0.0,1.0,1.0
-0.0,0.0,1.0,0.0,1.0,1.0,1.0,-0.0,1.0,1.0,1.0,1.0,0.0,0.0,0.0,0.0
1.0,1.0,1.0,1.0,1.0,1.0,1.0,1.0,-0.0,1.0,-0.0,1.0,0.0,0.0,0.0,0.0
-0.0,1.0,1.0,1.0,1.0,0.0,0.0,0.0,1.0,1.0,1.0,1.0,0.0,0.0,0.0,0.0
0.0,0.0,0.0,0.0,1.0,-0.0,0.0,0.0,1.0,0.0,-0.0,-0.0,0.0,0.0,0.0,0.0
0.0,0.0,0.0,1.0,-0.0,0.0,1.0,0.0,1.0,-0.0,0.0,0.0,0.0,1.0,1.0,0.0
0.0,1.0,1.0,0.0,1.0,0.0,-0.0,0.0,0.0,1.0,1.0,1.0,0.0,1.0,1.0,1.0
solveTime = 981.170000076294
isOptimal = true
