Solution: 
1.0,1.0,0.0,1.0,1.0,0.0,-0.0,1.0,-0.0,1.0,1.0,0.0,1.0,1.0,0.0,-0.0
1.0,1.0,-0.0,1.0,-0.0,-0.0,-0.0,1.0,-0.0,1.0,-0.0,1.0,1.0,-0.0,1.0,1.0
-0.0,1.0,0.0,1.0,0.0,-0.0,-0.0,-0.0,1.0,-0.0,-0.0,1.0,1.0,-0.0,-0.0,-0.0
0.0,1.0,0.0,-0.0,-0.0,-0.0,-0.0,-0.0,1.0,-0.0,-0.0,-0.0,-0.0,1.0,-0.0,-0.0
0.0,0.0,-0.0,1.0,-0.0,-0.0,1.0,-0.0,-0.0,-0.0,-0.0,1.0,1.0,1.0,-0.0,-0.0
0.0,1.0,-0.0,-0.0,-0.0,-0.0,-0.0,1.0,1.0,1.0,-0.0,1.0,-0.0,1.0,1.0,-0.0
-0.0,1.0,-0.0,-0.0,1.0,1.0,-0.0,1.0,-0.0,-0.0,-0.0,-0.0,1.0,-0.0,0.0,0.0
-0.0,-0.0,0.0,-0.0,-0.0,-0.0,1.0,1.0,-0.0,-0.0,1.0,1.0,-0.0,-0.0,1.0,1.0
-0.0,-0.0,-0.0,1.0,0.0,-0.0,-0.0,-0.0,1.0,-0.0,1.0,1.0,-0.0,1.0,1.0,-0.0
-0.0,0.0,1.0,-0.0,0.0,1.0,1.0,0.0,-0.0,-0.0,1.0,-0.0,1.0,-0.0,-0.0,0.0
1.0,-0.0,1.0,-0.0,1.0,-0.0,-0.0,1.0,1.0,1.0,-0.0,-0.0,1.0,-0.0,1.0,1.0
-0.0,0.0,1.0,1.0,1.0,-0.0,1.0,-0.0,1.0,-0.0,1.0,1.0,-0.0,1.0,1.0,-0.0
-0.0,1.0,0.0,1.0,-0.0,0.0,-0.0,1.0,1.0,-0.0,0.0,1.0,1.0,-0.0,1.0,1.0
-0.0,0.0,0.0,1.0,0.0,-0.0,-0.0,-0.0,0.0,0.0,-0.0,1.0,1.0,1.0,1.0,1.0
1.0,0.0,1.0,1.0,1.0,1.0,-0.0,-0.0,-0.0,0.0,1.0,1.0,0.0,1.0,-0.0,0.0
1.0,0.0,0.0,-0.0,-0.0,1.0,-0.0,1.0,1.0,-0.0,1.0,1.0,1.0,-0.0,1.0,0.0
solveTime = 349.79299998283386
isOptimal = true
