Solution: 
0.0,1.0,0.0,0.0,0.0,0.0,0.0,0.0,1.0,1.0,0.0,1.0,1.0,1.0,0.0,0.0
0.0,1.0,0.0,0.0,1.0,0.0,0.0,0.0,-0.0,0.0,0.0,0.0,0.0,0.0,1.0,0.0
1.0,-0.0,-0.0,-0.0,0.0,1.0,0.0,1.0,1.0,1.0,1.0,0.0,0.0,0.0,0.0,1.0
1.0,1.0,1.0,0.0,1.0,-0.0,1.0,1.0,-0.0,-0.0,1.0,0.0,1.0,1.0,0.0,-0.0
1.0,0.0,0.0,0.0,0.0,-0.0,0.0,0.0,0.0,-0.0,0.0,-0.0,1.0,1.0,0.0,1.0
0.0,0.0,0.0,0.0,0.0,0.0,0.0,0.0,1.0,0.0,0.0,0.0,0.0,0.0,1.0,1.0
0.0,0.0,0.0,0.0,0.0,1.0,1.0,1.0,0.0,0.0,1.0,0.0,0.0,-0.0,-0.0,0.0
0.0,0.0,0.0,1.0,-0.0,0.0,1.0,1.0,0.0,1.0,0.0,1.0,-0.0,0.0,-0.0,1.0
0.0,-0.0,0.0,0.0,0.0,0.0,1.0,-0.0,1.0,-0.0,1.0,1.0,1.0,-0.0,-0.0,-0.0
0.0,1.0,0.0,0.0,-0.0,-0.0,1.0,1.0,0.0,-0.0,0.0,0.0,1.0,-0.0,1.0,-0.0
1.0,1.0,0.0,1.0,-0.0,0.0,0.0,-0.0,-0.0,1.0,1.0,0.0,1.0,0.0,-0.0,1.0
1.0,0.0,0.0,0.0,0.0,1.0,0.0,0.0,0.0,-0.0,0.0,0.0,0.0,-0.0,1.0,0.0
0.0,1.0,1.0,0.0,0.0,1.0,1.0,-0.0,0.0,-0.0,1.0,1.0,-0.0,0.0,1.0,1.0
0.0,0.0,0.0,1.0,1.0,1.0,0.0,0.0,0.0,0.0,0.0,-0.0,0.0,0.0,0.0,0.0
0.0,0.0,0.0,0.0,0.0,1.0,-0.0,1.0,1.0,0.0,1.0,-0.0,0.0,1.0,1.0,0.0
1.0,0.0,0.0,0.0,-0.0,0.0,-0.0,-0.0,1.0,-0.0,-0.0,0.0,0.0,1.0,0.0,0.0
solveTime = 171.75699996948242
isOptimal = true
