Solution: 
-0.0,-0.0,-0.0,-0.0,0.0,-0.0,0.0,0.0,0.0,0.0,0.0,-0.0,-0.0,-0.0,-0.0,-0.0
-0.0,0.0,0.0,-0.0,0.0,1.0,-0.0,1.0,-0.0,-0.0,1.0,-0.0,-0.0,-0.0,-0.0,0.0
0.0,0.0,0.0,1.0,-0.0,-0.0,-0.0,-0.0,-0.0,-0.0,-0.0,-0.0,-0.0,-0.0,-0.0,1.0
-0.0,0.0,-0.0,1.0,0.0,0.0,-0.0,-0.0,-0.0,-0.0,0.0,-0.0,1.0,-0.0,0.0,0.0
1.0,0.0,0.0,1.0,0.0,0.0,-0.0,-0.0,-0.0,-0.0,-0.0,0.0,-0.0,-0.0,-0.0,-0.0
0.0,-0.0,0.0,-0.0,0.0,1.0,-0.0,-0.0,-0.0,-0.0,-0.0,-0.0,-0.0,-0.0,-0.0,-0.0
1.0,1.0,-0.0,0.0,-0.0,-0.0,-0.0,-0.0,-0.0,-0.0,-0.0,-0.0,-0.0,-0.0,0.0,-0.0
-0.0,0.0,0.0,-0.0,1.0,1.0,0.0,0.0,-0.0,-0.0,-0.0,-0.0,-0.0,-0.0,-0.0,1.0
0.0,-0.0,0.0,-0.0,-0.0,1.0,0.0,-0.0,0.0,0.0,0.0,-0.0,-0.0,-0.0,-0.0,0.0
0.0,1.0,-0.0,-0.0,-0.0,0.0,0.0,-0.0,1.0,-0.0,-0.0,-0.0,-0.0,-0.0,-0.0,0.0
-0.0,1.0,0.0,-0.0,-0.0,0.0,-0.0,1.0,-0.0,0.0,-0.0,-0.0,0.0,-0.0,-0.0,1.0
0.0,-0.0,-0.0,0.0,0.0,-0.0,0.0,0.0,-0.0,0.0,-0.0,1.0,-0.0,0.0,-0.0,0.0
0.0,-0.0,0.0,1.0,-0.0,-0.0,1.0,-0.0,-0.0,-0.0,1.0,0.0,-0.0,-0.0,-0.0,0.0
-0.0,0.0,-0.0,0.0,0.0,0.0,-0.0,-0.0,-0.0,-0.0,-0.0,-0.0,-0.0,1.0,-0.0,0.0
1.0,0.0,1.0,1.0,0.0,-0.0,-0.0,1.0,-0.0,-0.0,-0.0,-0.0,0.0,-0.0,-0.0,-0.0
0.0,1.0,0.0,0.0,0.0,-0.0,-0.0,-0.0,0.0,-0.0,-0.0,1.0,-0.0,-0.0,-0.0,-0.0
solveTime = 0.0690000057220459
isOptimal = true
