Solution: 
0.0,0.0,0.0,0.0,-0.0,1.0,0.0,-0.0,1.0,-0.0,-0.0,0.0,1.0,1.0,0.0,0.0
1.0,1.0,0.0,1.0,0.0,1.0,1.0,0.0,-0.0,-0.0,1.0,0.0,0.0,1.0,-0.0,1.0
0.0,-0.0,1.0,-0.0,0.0,-0.0,-0.0,1.0,0.0,-0.0,0.0,1.0,0.0,-0.0,0.0,0.0
0.0,1.0,1.0,-0.0,1.0,-0.0,-0.0,-0.0,1.0,0.0,-0.0,-0.0,-0.0,0.0,1.0,0.0
-0.0,1.0,1.0,1.0,-0.0,1.0,-0.0,1.0,1.0,1.0,-0.0,0.0,1.0,1.0,0.0,0.0
1.0,-0.0,-0.0,-0.0,1.0,0.0,1.0,-0.0,1.0,0.0,0.0,-0.0,1.0,-0.0,-0.0,1.0
-0.0,-0.0,-0.0,1.0,-0.0,1.0,1.0,-0.0,1.0,-0.0,-0.0,1.0,0.0,1.0,-0.0,-0.0
-0.0,-0.0,-0.0,-0.0,-0.0,-0.0,1.0,-0.0,-0.0,0.0,-0.0,-0.0,1.0,1.0,1.0,0.0
-0.0,-0.0,-0.0,-0.0,1.0,-0.0,-0.0,1.0,0.0,-0.0,-0.0,-0.0,-0.0,1.0,1.0,-0.0
-0.0,1.0,-0.0,-0.0,-0.0,-0.0,-0.0,-0.0,-0.0,1.0,-0.0,-0.0,-0.0,-0.0,0.0,1.0
-0.0,-0.0,1.0,1.0,-0.0,-0.0,-0.0,-0.0,-0.0,0.0,1.0,1.0,-0.0,-0.0,0.0,-0.0
-0.0,-0.0,-0.0,-0.0,-0.0,1.0,1.0,1.0,1.0,1.0,-0.0,0.0,1.0,-0.0,-0.0,-0.0
1.0,-0.0,1.0,-0.0,-0.0,-0.0,1.0,-0.0,1.0,1.0,-0.0,-0.0,-0.0,1.0,-0.0,-0.0
1.0,0.0,-0.0,-0.0,-0.0,1.0,-0.0,1.0,-0.0,1.0,1.0,-0.0,-0.0,-0.0,-0.0,-0.0
0.0,-0.0,-0.0,-0.0,-0.0,-0.0,-0.0,-0.0,-0.0,1.0,-0.0,1.0,-0.0,-0.0,0.0,-0.0
1.0,0.0,-0.0,-0.0,-0.0,-0.0,0.0,1.0,0.0,-0.0,1.0,0.0,-0.0,1.0,1.0,0.0
solveTime = 158.6769998073578
isOptimal = true
