Solution: 
1.0,0.0,1.0,-0.0,1.0,1.0,0.0,0.0,-0.0,1.0,0.0,1.0,0.0,0.0,0.0,0.0
-0.0,-0.0,-0.0,1.0,-0.0,1.0,-0.0,1.0,-0.0,0.0,0.0,0.0,0.0,1.0,0.0,1.0
-0.0,0.0,-0.0,0.0,1.0,-0.0,1.0,0.0,-0.0,-0.0,0.0,1.0,1.0,0.0,1.0,0.0
0.0,0.0,1.0,1.0,0.0,0.0,1.0,1.0,0.0,0.0,0.0,1.0,1.0,1.0,0.0,1.0
0.0,0.0,1.0,1.0,1.0,1.0,0.0,-0.0,0.0,1.0,1.0,-0.0,1.0,1.0,0.0,0.0
-0.0,0.0,1.0,0.0,1.0,0.0,1.0,1.0,-0.0,-0.0,0.0,1.0,-0.0,1.0,0.0,1.0
0.0,1.0,0.0,-0.0,0.0,1.0,1.0,1.0,-0.0,1.0,1.0,1.0,-0.0,1.0,1.0,0.0
1.0,0.0,1.0,1.0,-0.0,1.0,1.0,0.0,0.0,-0.0,-0.0,1.0,-0.0,0.0,0.0,1.0
0.0,0.0,1.0,1.0,-0.0,1.0,1.0,-0.0,0.0,-0.0,0.0,-0.0,1.0,-0.0,1.0,1.0
0.0,1.0,0.0,-0.0,-0.0,1.0,0.0,-0.0,0.0,1.0,1.0,1.0,0.0,1.0,-0.0,1.0
0.0,1.0,0.0,0.0,-0.0,-0.0,0.0,1.0,0.0,-0.0,0.0,1.0,0.0,-0.0,1.0,-0.0
1.0,0.0,0.0,1.0,-0.0,1.0,1.0,0.0,0.0,1.0,0.0,-0.0,-0.0,-0.0,1.0,0.0
-0.0,1.0,-0.0,0.0,0.0,-0.0,1.0,0.0,0.0,1.0,1.0,1.0,0.0,0.0,1.0,-0.0
1.0,1.0,-0.0,1.0,1.0,-0.0,0.0,1.0,1.0,-0.0,-0.0,-0.0,0.0,0.0,1.0,0.0
1.0,1.0,-0.0,-0.0,0.0,1.0,0.0,-0.0,0.0,1.0,-0.0,-0.0,1.0,1.0,1.0,0.0
1.0,1.0,1.0,1.0,1.0,-0.0,-0.0,0.0,1.0,0.0,0.0,0.0,1.0,1.0,1.0,0.0
solveTime = 588.4710001945496
isOptimal = true
