Solution: 
-0.0,0.0,-0.0,0.0,1.0,-0.0,-0.0,-0.0,-0.0,-0.0
1.0,1.0,1.0,0.0,-0.0,0.0,0.0,-0.0,0.0,-0.0
0.0,-0.0,-0.0,0.0,-0.0,-0.0,-0.0,1.0,-0.0,-0.0
0.0,-0.0,-0.0,-0.0,-0.0,1.0,-0.0,-0.0,-0.0,-0.0
-0.0,-0.0,-0.0,-0.0,0.0,0.0,0.0,-0.0,-0.0,0.0
-0.0,-0.0,-0.0,0.0,-0.0,-0.0,-0.0,1.0,1.0,-0.0
-0.0,-0.0,-0.0,0.0,1.0,-0.0,0.0,-0.0,-0.0,0.0
-0.0,-0.0,1.0,0.0,-0.0,0.0,-0.0,1.0,-0.0,-0.0
-0.0,-0.0,-0.0,-0.0,-0.0,-0.0,-0.0,-0.0,-0.0,-0.0
-0.0,-0.0,1.0,-0.0,0.0,-0.0,0.0,-0.0,-0.0,-0.0
solveTime = 0.07199978828430176
isOptimal = true
