Solution: 
1.0,-0.0,-0.0,-0.0,1.0,0.0,0.0,-0.0,-0.0,1.0,1.0,0.0,1.0,1.0,1.0,1.0
0.0,1.0,-0.0,1.0,-0.0,1.0,0.0,1.0,1.0,1.0,1.0,1.0,1.0,-0.0,1.0,1.0
0.0,-0.0,1.0,1.0,1.0,-0.0,-0.0,-0.0,-0.0,1.0,-0.0,1.0,1.0,-0.0,-0.0,1.0
1.0,1.0,0.0,-0.0,-0.0,1.0,-0.0,1.0,-0.0,1.0,1.0,-0.0,1.0,1.0,-0.0,1.0
0.0,0.0,-0.0,1.0,0.0,1.0,-0.0,-0.0,-0.0,-0.0,1.0,-0.0,-0.0,-0.0,-0.0,-0.0
0.0,-0.0,-0.0,0.0,-0.0,1.0,-0.0,-0.0,1.0,-0.0,-0.0,1.0,1.0,1.0,-0.0,-0.0
-0.0,-0.0,1.0,1.0,1.0,-0.0,1.0,-0.0,1.0,-0.0,-0.0,-0.0,1.0,-0.0,-0.0,1.0
1.0,-0.0,-0.0,1.0,-0.0,-0.0,1.0,-0.0,-0.0,-0.0,-0.0,1.0,-0.0,-0.0,-0.0,1.0
1.0,-0.0,-0.0,1.0,1.0,1.0,-0.0,1.0,-0.0,-0.0,-0.0,-0.0,1.0,1.0,1.0,1.0
1.0,-0.0,-0.0,-0.0,1.0,1.0,-0.0,1.0,-0.0,-0.0,1.0,-0.0,-0.0,-0.0,-0.0,0.0
-0.0,-0.0,-0.0,-0.0,-0.0,1.0,1.0,1.0,-0.0,-0.0,-0.0,-0.0,1.0,1.0,0.0,0.0
1.0,-0.0,-0.0,-0.0,-0.0,1.0,1.0,1.0,-0.0,1.0,-0.0,1.0,-0.0,-0.0,1.0,1.0
0.0,0.0,1.0,-0.0,1.0,-0.0,1.0,1.0,-0.0,1.0,-0.0,1.0,-0.0,-0.0,1.0,-0.0
-0.0,1.0,1.0,1.0,-0.0,-0.0,1.0,-0.0,-0.0,1.0,-0.0,1.0,-0.0,0.0,-0.0,1.0
-0.0,-0.0,0.0,1.0,1.0,1.0,1.0,1.0,-0.0,-0.0,-0.0,-0.0,-0.0,-0.0,0.0,-0.0
-0.0,-0.0,1.0,0.0,-0.0,1.0,0.0,1.0,-0.0,1.0,0.0,-0.0,1.0,-0.0,-0.0,0.0
solveTime = 198.53600001335144
isOptimal = true
