Solution: 
0.0,-0.0,-0.0,-0.0,-0.0,-0.0,0.0,-0.0,-0.0,-0.0,-0.0,0.0,0.0,-0.0,1.0,0.0,-0.0,0.0,0.0,-0.0,0.0,-0.0,-0.0,-0.0,-0.0,0.0,-0.0,-0.0,-0.0,-0.0,-0.0,-0.0
-0.0,-0.0,-0.0,-0.0,-0.0,-0.0,-0.0,-0.0,-0.0,-0.0,-0.0,-0.0,-0.0,-0.0,-0.0,-0.0,-0.0,-0.0,-0.0,-0.0,-0.0,-0.0,0.0,-0.0,-0.0,0.0,-0.0,-0.0,-0.0,-0.0,-0.0,0.0
-0.0,-0.0,0.0,-0.0,-0.0,-0.0,-0.0,-0.0,-0.0,-0.0,0.0,-0.0,-0.0,-0.0,-0.0,-0.0,-0.0,-0.0,-0.0,-0.0,-0.0,-0.0,-0.0,-0.0,-0.0,0.0,-0.0,-0.0,-0.0,-0.0,-0.0,0.0
-0.0,-0.0,-0.0,-0.0,-0.0,-0.0,-0.0,-0.0,-0.0,-0.0,-0.0,-0.0,-0.0,-0.0,-0.0,0.0,-0.0,-0.0,-0.0,-0.0,-0.0,-0.0,-0.0,0.0,0.0,-0.0,-0.0,-0.0,-0.0,-0.0,-0.0,-0.0
-0.0,0.0,0.0,-0.0,0.0,-0.0,-0.0,-0.0,-0.0,-0.0,-0.0,-0.0,0.0,-0.0,-0.0,0.0,-0.0,-0.0,0.0,-0.0,0.0,-0.0,1.0,0.0,-0.0,-0.0,-0.0,-0.0,-0.0,0.0,-0.0,-0.0
-0.0,-0.0,-0.0,-0.0,-0.0,-0.0,-0.0,-0.0,0.0,0.0,-0.0,-0.0,-0.0,-0.0,0.0,0.0,-0.0,-0.0,-0.0,-0.0,-0.0,-0.0,-0.0,-0.0,-0.0,-0.0,-0.0,0.0,-0.0,0.0,-0.0,-0.0
-0.0,-0.0,-0.0,-0.0,-0.0,0.0,-0.0,-0.0,-0.0,0.0,-0.0,-0.0,-0.0,-0.0,-0.0,-0.0,-0.0,-0.0,0.0,-0.0,-0.0,-0.0,-0.0,-0.0,0.0,-0.0,-0.0,-0.0,0.0,-0.0,-0.0,-0.0
-0.0,0.0,-0.0,-0.0,0.0,-0.0,-0.0,-0.0,-0.0,-0.0,-0.0,-0.0,-0.0,0.0,-0.0,-0.0,-0.0,-0.0,0.0,-0.0,-0.0,1.0,0.0,0.0,-0.0,-0.0,-0.0,0.0,-0.0,-0.0,-0.0,0.0
0.0,-0.0,-0.0,-0.0,-0.0,-0.0,-0.0,-0.0,0.0,-0.0,-0.0,-0.0,-0.0,-0.0,-0.0,-0.0,-0.0,-0.0,-0.0,-0.0,-0.0,0.0,0.0,-0.0,-0.0,-0.0,0.0,0.0,0.0,1.0,-0.0,-0.0
0.0,-0.0,-0.0,-0.0,0.0,-0.0,-0.0,-0.0,-0.0,-0.0,-0.0,-0.0,-0.0,-0.0,-0.0,-0.0,0.0,-0.0,-0.0,-0.0,-0.0,0.0,-0.0,-0.0,0.0,-0.0,0.0,-0.0,0.0,0.0,-0.0,0.0
-0.0,-0.0,-0.0,0.0,-0.0,-0.0,-0.0,-0.0,-0.0,-0.0,0.0,-0.0,-0.0,-0.0,-0.0,0.0,0.0,0.0,1.0,0.0,-0.0,-0.0,-0.0,-0.0,-0.0,-0.0,-0.0,-0.0,-0.0,-0.0,-0.0,-0.0
-0.0,-0.0,-0.0,-0.0,-0.0,-0.0,-0.0,0.0,-0.0,-0.0,-0.0,-0.0,-0.0,0.0,-0.0,-0.0,-0.0,0.0,0.0,0.0,-0.0,0.0,-0.0,-0.0,-0.0,-0.0,-0.0,-0.0,1.0,-0.0,-0.0,0.0
-0.0,-0.0,-0.0,-0.0,-0.0,-0.0,-0.0,-0.0,-0.0,0.0,-0.0,-0.0,0.0,-0.0,0.0,0.0,-0.0,-0.0,-0.0,-0.0,0.0,0.0,-0.0,-0.0,-0.0,0.0,-0.0,0.0,-0.0,-0.0,0.0,-0.0
-0.0,-0.0,-0.0,-0.0,-0.0,0.0,-0.0,-0.0,-0.0,-0.0,-0.0,-0.0,0.0,-0.0,-0.0,-0.0,-0.0,-0.0,-0.0,-0.0,-0.0,0.0,-0.0,-0.0,-0.0,-0.0,-0.0,-0.0,-0.0,-0.0,-0.0,-0.0
-0.0,0.0,-0.0,-0.0,-0.0,-0.0,0.0,-0.0,-0.0,-0.0,0.0,-0.0,-0.0,-0.0,-0.0,-0.0,-0.0,-0.0,-0.0,-0.0,-0.0,-0.0,0.0,-0.0,-0.0,0.0,-0.0,-0.0,-0.0,-0.0,-0.0,-0.0
-0.0,-0.0,-0.0,0.0,-0.0,0.0,-0.0,-0.0,-0.0,-0.0,0.0,-0.0,0.0,0.0,-0.0,0.0,-0.0,-0.0,-0.0,-0.0,-0.0,-0.0,0.0,-0.0,0.0,-0.0,0.0,-0.0,-0.0,-0.0,-0.0,-0.0
-0.0,-0.0,-0.0,-0.0,-0.0,-0.0,0.0,-0.0,-0.0,-0.0,-0.0,-0.0,-0.0,0.0,-0.0,-0.0,-0.0,0.0,-0.0,0.0,-0.0,-0.0,-0.0,-0.0,-0.0,-0.0,-0.0,-0.0,-0.0,-0.0,-0.0,-0.0
-0.0,0.0,-0.0,-0.0,-0.0,-0.0,-0.0,-0.0,0.0,-0.0,-0.0,-0.0,-0.0,-0.0,-0.0,-0.0,-0.0,-0.0,-0.0,-0.0,-0.0,-0.0,-0.0,-0.0,-0.0,-0.0,-0.0,-0.0,-0.0,-0.0,-0.0,-0.0
-0.0,-0.0,-0.0,-0.0,-0.0,0.0,-0.0,-0.0,-0.0,-0.0,-0.0,0.0,-0.0,0.0,-0.0,-0.0,-0.0,-0.0,-0.0,-0.0,-0.0,-0.0,-0.0,-0.0,-0.0,-0.0,-0.0,-0.0,-0.0,0.0,0.0,-0.0
-0.0,-0.0,-0.0,-0.0,0.0,-0.0,-0.0,-0.0,-0.0,0.0,-0.0,-0.0,-0.0,-0.0,-0.0,-0.0,0.0,0.0,0.0,-0.0,-0.0,-0.0,-0.0,-0.0,-0.0,-0.0,-0.0,-0.0,-0.0,0.0,-0.0,0.0
-0.0,-0.0,-0.0,0.0,-0.0,-0.0,-0.0,-0.0,-0.0,-0.0,-0.0,-0.0,-0.0,-0.0,-0.0,-0.0,-0.0,0.0,1.0,0.0,-0.0,-0.0,-0.0,-0.0,-0.0,0.0,0.0,0.0,1.0,-0.0,0.0,-0.0
-0.0,-0.0,-0.0,-0.0,-0.0,-0.0,0.0,-0.0,-0.0,0.0,-0.0,0.0,-0.0,-0.0,-0.0,0.0,-0.0,-0.0,-0.0,-0.0,-0.0,-0.0,0.0,-0.0,-0.0,-0.0,-0.0,-0.0,-0.0,-0.0,-0.0,-0.0
0.0,-0.0,-0.0,-0.0,-0.0,-0.0,-0.0,0.0,-0.0,-0.0,-0.0,-0.0,-0.0,-0.0,-0.0,-0.0,-0.0,-0.0,-0.0,-0.0,0.0,0.0,1.0,-0.0,-0.0,-0.0,0.0,0.0,-0.0,-0.0,-0.0,0.0
-0.0,0.0,-0.0,0.0,-0.0,0.0,1.0,-0.0,-0.0,-0.0,0.0,-0.0,-0.0,-0.0,-0.0,-0.0,-0.0,0.0,-0.0,0.0,-0.0,0.0,-0.0,-0.0,-0.0,-0.0,0.0,-0.0,-0.0,-0.0,-0.0,-0.0
1.0,-0.0,-0.0,-0.0,-0.0,-0.0,-0.0,0.0,-0.0,-0.0,-0.0,-0.0,-0.0,-0.0,-0.0,-0.0,-0.0,-0.0,-0.0,-0.0,0.0,1.0,-0.0,0.0,-0.0,-0.0,-0.0,-0.0,-0.0,-0.0,-0.0,0.0
-0.0,-0.0,-0.0,-0.0,-0.0,-0.0,0.0,-0.0,-0.0,-0.0,-0.0,-0.0,-0.0,-0.0,-0.0,-0.0,0.0,-0.0,-0.0,-0.0,-0.0,-0.0,0.0,0.0,-0.0,-0.0,0.0,0.0,-0.0,-0.0,-0.0,-0.0
0.0,0.0,-0.0,-0.0,0.0,-0.0,-0.0,-0.0,-0.0,-0.0,-0.0,0.0,-0.0,-0.0,-0.0,-0.0,0.0,0.0,-0.0,-0.0,0.0,1.0,-0.0,-0.0,-0.0,-0.0,-0.0,-0.0,0.0,-0.0,-0.0,-0.0
0.0,-0.0,0.0,-0.0,-0.0,-0.0,-0.0,-0.0,-0.0,-0.0,-0.0,-0.0,-0.0,-0.0,-0.0,-0.0,-0.0,-0.0,0.0,-0.0,0.0,0.0,-0.0,-0.0,-0.0,-0.0,0.0,-0.0,0.0,-0.0,-0.0,-0.0
0.0,1.0,-0.0,-0.0,-0.0,-0.0,0.0,-0.0,-0.0,-0.0,-0.0,-0.0,-0.0,0.0,-0.0,-0.0,-0.0,-0.0,0.0,-0.0,-0.0,-0.0,-0.0,-0.0,0.0,0.0,0.0,0.0,0.0,-0.0,-0.0,-0.0
-0.0,-0.0,-0.0,-0.0,-0.0,-0.0,-0.0,-0.0,-0.0,-0.0,0.0,-0.0,-0.0,-0.0,-0.0,-0.0,-0.0,-0.0,-0.0,0.0,-0.0,-0.0,-0.0,0.0,0.0,-0.0,0.0,0.0,-0.0,1.0,-0.0,-0.0
0.0,-0.0,-0.0,-0.0,-0.0,-0.0,-0.0,-0.0,-0.0,-0.0,1.0,-0.0,-0.0,0.0,-0.0,-0.0,-0.0,-0.0,0.0,-0.0,-0.0,-0.0,-0.0,-0.0,-0.0,0.0,-0.0,-0.0,0.0,-0.0,-0.0,-0.0
-0.0,-0.0,0.0,-0.0,-0.0,-0.0,-0.0,-0.0,-0.0,0.0,-0.0,-0.0,-0.0,-0.0,0.0,-0.0,-0.0,-0.0,-0.0,-0.0,-0.0,-0.0,-0.0,0.0,0.0,0.0,0.0,-0.0,-0.0,-0.0,-0.0,-0.0
solveTime = 0.11500000953674316
isOptimal = true
