Solution: 
0.0,0.0,-0.0,-0.0,-0.0,-0.0,-0.0,0.0,-0.0,-0.0
1.0,0.0,-0.0,1.0,1.0,-0.0,1.0,0.0,-0.0,-0.0
0.0,0.0,0.0,0.0,0.0,-0.0,-0.0,-0.0,-0.0,-0.0
-0.0,1.0,-0.0,0.0,-0.0,-0.0,-0.0,0.0,-0.0,-0.0
0.0,1.0,0.0,0.0,-0.0,-0.0,1.0,-0.0,-0.0,0.0
-0.0,-0.0,0.0,1.0,-0.0,1.0,0.0,0.0,0.0,0.0
-0.0,0.0,-0.0,-0.0,0.0,0.0,-0.0,0.0,0.0,1.0
1.0,0.0,-0.0,-0.0,-0.0,1.0,-0.0,1.0,-0.0,1.0
0.0,0.0,-0.0,-0.0,0.0,0.0,0.0,0.0,0.0,0.0
1.0,0.0,-0.0,-0.0,-0.0,-0.0,-0.0,-0.0,-0.0,1.0
solveTime = 0.04199981689453125
isOptimal = true
