Solution: 
-0.0,-0.0,-0.0,-0.0,-0.0,-0.0,-0.0,-0.0,-0.0,-0.0
-0.0,-0.0,-0.0,-0.0,1.0,-0.0,-0.0,-0.0,-0.0,1.0
-0.0,-0.0,-0.0,-0.0,-0.0,-0.0,-0.0,-0.0,-0.0,-0.0
-0.0,-0.0,-0.0,-0.0,-0.0,-0.0,-0.0,-0.0,-0.0,-0.0
-0.0,-0.0,-0.0,-0.0,-0.0,-0.0,-0.0,-0.0,-0.0,-0.0
-0.0,-0.0,-0.0,1.0,-0.0,-0.0,-0.0,-0.0,-0.0,1.0
-0.0,-0.0,-0.0,-0.0,-0.0,-0.0,-0.0,-0.0,-0.0,-0.0
-0.0,-0.0,-0.0,-0.0,-0.0,-0.0,-0.0,-0.0,-0.0,-0.0
-0.0,-0.0,-0.0,-0.0,1.0,1.0,-0.0,-0.0,-0.0,-0.0
-0.0,-0.0,-0.0,-0.0,-0.0,-0.0,-0.0,-0.0,-0.0,-0.0
solveTime = 0.02299976348876953
isOptimal = true
