Solution: 
-0.0,-0.0,1.0,-0.0,1.0,1.0,-0.0,1.0,1.0,0.0,0.0,-0.0,-0.0,-0.0,1.0,0.0
-0.0,-0.0,-0.0,1.0,-0.0,-0.0,1.0,-0.0,0.0,-0.0,-0.0,1.0,-0.0,-0.0,0.0,0.0
-0.0,-0.0,0.0,-0.0,-0.0,1.0,-0.0,-0.0,0.0,-0.0,1.0,-0.0,-0.0,-0.0,1.0,1.0
-0.0,-0.0,-0.0,-0.0,1.0,-0.0,-0.0,-0.0,-0.0,1.0,-0.0,-0.0,-0.0,-0.0,-0.0,-0.0
-0.0,0.0,-0.0,-0.0,1.0,-0.0,-0.0,-0.0,1.0,1.0,0.0,-0.0,-0.0,-0.0,-0.0,0.0
1.0,0.0,-0.0,-0.0,-0.0,1.0,-0.0,-0.0,-0.0,1.0,-0.0,-0.0,-0.0,-0.0,-0.0,-0.0
-0.0,1.0,-0.0,1.0,-0.0,-0.0,-0.0,-0.0,-0.0,1.0,-0.0,1.0,-0.0,-0.0,0.0,-0.0
-0.0,-0.0,-0.0,1.0,1.0,-0.0,-0.0,1.0,-0.0,-0.0,-0.0,-0.0,-0.0,-0.0,-0.0,1.0
-0.0,-0.0,-0.0,1.0,-0.0,-0.0,-0.0,1.0,-0.0,-0.0,-0.0,-0.0,-0.0,1.0,-0.0,1.0
-0.0,1.0,-0.0,-0.0,-0.0,-0.0,-0.0,-0.0,-0.0,-0.0,-0.0,-0.0,-0.0,1.0,-0.0,1.0
1.0,-0.0,-0.0,-0.0,-0.0,1.0,1.0,-0.0,-0.0,-0.0,-0.0,1.0,-0.0,-0.0,-0.0,1.0
1.0,1.0,-0.0,1.0,-0.0,1.0,-0.0,1.0,-0.0,-0.0,-0.0,-0.0,-0.0,-0.0,-0.0,-0.0
-0.0,-0.0,-0.0,-0.0,-0.0,1.0,1.0,1.0,-0.0,-0.0,-0.0,-0.0,-0.0,-0.0,-0.0,1.0
0.0,-0.0,1.0,1.0,-0.0,-0.0,-0.0,-0.0,-0.0,-0.0,-0.0,-0.0,-0.0,-0.0,0.0,-0.0
-0.0,-0.0,-0.0,-0.0,1.0,-0.0,-0.0,1.0,-0.0,-0.0,-0.0,1.0,1.0,1.0,-0.0,-0.0
1.0,1.0,-0.0,0.0,0.0,-0.0,0.0,-0.0,-0.0,0.0,-0.0,1.0,-0.0,-0.0,-0.0,-0.0
solveTime = 4.11899995803833
isOptimal = true
