Solution: 
0.0,0.0,1.0,1.0,1.0,0.0,0.0,0.0,1.0,1.0,0.0,1.0,1.0,1.0,0.0,0.0
1.0,1.0,0.0,1.0,1.0,0.0,0.0,0.0,-0.0,1.0,1.0,0.0,0.0,0.0,1.0,1.0
-0.0,1.0,1.0,1.0,1.0,1.0,0.0,0.0,1.0,0.0,0.0,0.0,1.0,0.0,1.0,-0.0
1.0,0.0,0.0,1.0,0.0,0.0,1.0,1.0,1.0,1.0,0.0,1.0,-0.0,0.0,-0.0,0.0
0.0,0.0,1.0,0.0,1.0,1.0,0.0,1.0,0.0,1.0,0.0,0.0,1.0,1.0,1.0,-0.0
0.0,-0.0,-0.0,1.0,1.0,-0.0,1.0,-0.0,0.0,1.0,0.0,-0.0,-0.0,1.0,1.0,1.0
1.0,0.0,0.0,1.0,0.0,0.0,1.0,0.0,1.0,0.0,-0.0,1.0,-0.0,-0.0,1.0,0.0
0.0,1.0,0.0,1.0,0.0,0.0,1.0,0.0,1.0,0.0,-0.0,0.0,-0.0,1.0,1.0,-0.0
0.0,0.0,-0.0,0.0,0.0,0.0,0.0,1.0,1.0,-0.0,1.0,1.0,0.0,1.0,1.0,-0.0
1.0,0.0,0.0,1.0,1.0,0.0,1.0,1.0,0.0,1.0,1.0,0.0,0.0,-0.0,1.0,0.0
0.0,0.0,0.0,0.0,0.0,0.0,0.0,1.0,0.0,1.0,-0.0,0.0,1.0,-0.0,1.0,0.0
0.0,1.0,1.0,-0.0,0.0,0.0,0.0,1.0,0.0,1.0,0.0,-0.0,1.0,0.0,0.0,0.0
1.0,-0.0,-0.0,-0.0,1.0,-0.0,1.0,1.0,0.0,1.0,-0.0,0.0,-0.0,1.0,1.0,0.0
1.0,0.0,0.0,0.0,1.0,-0.0,0.0,1.0,0.0,1.0,0.0,0.0,0.0,1.0,1.0,1.0
0.0,0.0,1.0,-0.0,1.0,0.0,1.0,-0.0,0.0,0.0,0.0,1.0,0.0,1.0,1.0,1.0
0.0,0.0,0.0,0.0,1.0,0.0,0.0,1.0,1.0,0.0,0.0,-0.0,0.0,0.0,0.0,1.0
solveTime = 264.5860002040863
isOptimal = true
