Solution: 
-0.0,-0.0,-0.0,-0.0,1.0,-0.0,-0.0,-0.0,1.0,0.0,-0.0,0.0,1.0,1.0,1.0,-0.0
-0.0,-0.0,-0.0,1.0,-0.0,-0.0,-0.0,0.0,1.0,-0.0,1.0,-0.0,-0.0,-0.0,1.0,0.0
-0.0,-0.0,0.0,-0.0,-0.0,-0.0,-0.0,-0.0,-0.0,-0.0,1.0,-0.0,-0.0,-0.0,1.0,-0.0
-0.0,-0.0,-0.0,-0.0,1.0,-0.0,-0.0,-0.0,-0.0,-0.0,1.0,-0.0,1.0,-0.0,1.0,-0.0
-0.0,1.0,0.0,1.0,-0.0,-0.0,-0.0,1.0,-0.0,-0.0,-0.0,1.0,-0.0,-0.0,-0.0,1.0
1.0,-0.0,-0.0,-0.0,1.0,1.0,-0.0,1.0,-0.0,-0.0,-0.0,-0.0,-0.0,-0.0,-0.0,1.0
1.0,-0.0,-0.0,-0.0,-0.0,1.0,1.0,-0.0,1.0,1.0,-0.0,-0.0,-0.0,-0.0,1.0,0.0
1.0,-0.0,-0.0,-0.0,-0.0,-0.0,-0.0,1.0,-0.0,-0.0,-0.0,-0.0,1.0,1.0,1.0,1.0
-0.0,1.0,1.0,1.0,-0.0,1.0,1.0,-0.0,-0.0,1.0,-0.0,1.0,1.0,-0.0,-0.0,1.0
0.0,0.0,1.0,-0.0,-0.0,-0.0,1.0,-0.0,1.0,1.0,-0.0,1.0,-0.0,-0.0,1.0,-0.0
-0.0,1.0,-0.0,1.0,-0.0,-0.0,1.0,-0.0,-0.0,-0.0,-0.0,-0.0,-0.0,-0.0,-0.0,1.0
0.0,-0.0,1.0,-0.0,-0.0,-0.0,-0.0,1.0,1.0,-0.0,-0.0,-0.0,-0.0,-0.0,-0.0,-0.0
-0.0,1.0,1.0,-0.0,-0.0,-0.0,-0.0,-0.0,-0.0,-0.0,1.0,-0.0,1.0,-0.0,1.0,-0.0
0.0,1.0,0.0,-0.0,-0.0,-0.0,-0.0,-0.0,-0.0,-0.0,-0.0,-0.0,-0.0,-0.0,1.0,0.0
1.0,1.0,1.0,1.0,-0.0,0.0,-0.0,-0.0,-0.0,-0.0,1.0,1.0,-0.0,1.0,-0.0,-0.0
0.0,1.0,1.0,1.0,0.0,1.0,1.0,1.0,-0.0,0.0,-0.0,0.0,-0.0,1.0,1.0,1.0
solveTime = 56.36199998855591
isOptimal = true
